# relative_time, cycles_done, cur_item, corpus_count, pending_total, pending_favs, map_size, saved_crashes, saved_hangs, max_depth, execs_per_sec, total_execs, edges_found, total_crashes, servers_count
62, 24, 1, 2, 0, 0, 33.33%, 0, 0, 1, 19.79, 1180, 3, 0, 0
68, 26, 1, 2, 0, 0, 33.33%, 0, 0, 1, 19.66, 1281, 3, 0, 0
73, 28, 1, 2, 0, 0, 33.33%, 0, 0, 1, 18.67, 1377, 3, 0, 0
78, 30, 1, 2, 0, 0, 33.33%, 0, 0, 1, 19.17, 1473, 3, 0, 0
83, 32, 1, 2, 0, 0, 33.33%, 0, 0, 1, 19.62, 1574, 3, 0, 0
89, 34, 1, 2, 0, 0, 33.33%, 0, 0, 1, 2.28, 1658, 3, 0, 0
94, 36, 1, 2, 0, 0, 33.33%, 0, 0, 1, 19.54, 1758, 3, 0, 0
99, 38, 1, 2, 0, 0, 33.33%, 0, 0, 1, 19.57, 1858, 3, 0, 0
104, 40, 1, 2, 0, 0, 33.33%, 0, 0, 1, 19.59, 1958, 3, 0, 0
109, 42, 1, 2, 0, 0, 33.33%, 0, 0, 1, 19.48, 2058, 3, 0, 0
115, 44, 1, 2, 0, 0, 33.33%, 0, 0, 1, 19.72, 2159, 3, 0, 0
121, 46, 1, 2, 0, 0, 33.33%, 0, 0, 1, 1.78, 2247, 3, 0, 0
126, 48, 1, 2, 0, 0, 33.33%, 0, 0, 1, 19.59, 2347, 3, 0, 0
131, 50, 1, 2, 0, 0, 33.33%, 0, 0, 1, 19.65, 2447, 3, 0, 0
136, 52, 1, 2, 0, 0, 33.33%, 0, 0, 1, 19.60, 2547, 3, 0, 0
141, 54, 1, 2, 0, 0, 33.33%, 0, 0, 1, 19.66, 2648, 3, 0, 0
146, 56, 1, 2, 0, 0, 33.33%, 0, 0, 1, 19.63, 2748, 3, 0, 0
151, 58, 1, 2, 0, 0, 33.33%, 0, 0, 1, 2.57, 2835, 3, 0, 0
156, 60, 1, 2, 0, 0, 33.33%, 0, 0, 1, 19.78, 2916, 3, 0, 0
161, 62, 1, 2, 0, 0, 33.33%, 0, 0, 1, 19.74, 3015, 3, 0, 0
167, 64, 1, 2, 0, 0, 33.33%, 0, 0, 1, 19.65, 3116, 3, 0, 0
172, 66, 1, 2, 0, 0, 33.33%, 0, 0, 1, 19.78, 3218, 3, 0, 0
177, 68, 1, 2, 0, 0, 33.33%, 0, 0, 1, 19.82, 3321, 3, 0, 0
182, 70, 1, 2, 0, 0, 33.33%, 0, 0, 1, 19.76, 3421, 3, 0, 0
187, 72, 1, 2, 0, 0, 33.33%, 0, 0, 1, 19.70, 3489, 3, 0, 0
192, 74, 1, 2, 0, 0, 33.33%, 0, 0, 1, 19.73, 3590, 3, 0, 0
197, 76, 1, 2, 0, 0, 33.33%, 0, 0, 1, 19.89, 3690, 3, 0, 0
202, 78, 1, 2, 0, 0, 33.33%, 0, 0, 1, 19.83, 3791, 3, 0, 0
208, 80, 1, 2, 0, 0, 33.33%, 0, 0, 1, 19.79, 3893, 3, 0, 0
213, 82, 1, 2, 0, 0, 33.33%, 0, 0, 1, 19.62, 3993, 3, 0, 0
218, 84, 1, 2, 0, 0, 33.33%, 0, 0, 1, 19.68, 4058, 3, 0, 0
223, 86, 1, 2, 0, 0, 33.33%, 0, 0, 1, 19.54, 4159, 3, 0, 0
228, 88, 1, 2, 0, 0, 33.33%, 0, 0, 1, 19.74, 4260, 3, 0, 0
233, 90, 1, 2, 0, 0, 33.33%, 0, 0, 1, 19.81, 4362, 3, 0, 0
238, 92, 1, 2, 0, 0, 33.33%, 0, 0, 1, 19.85, 4464, 3, 0, 0
243, 94, 1, 2, 0, 0, 33.33%, 0, 0, 1, 19.80, 4565, 3, 0, 0
249, 96, 1, 2, 0, 0, 33.33%, 0, 0, 1, 20.03, 4632, 3, 0, 0
254, 98, 1, 2, 0, 0, 33.33%, 0, 0, 1, 19.79, 4733, 3, 0, 0
259, 100, 1, 2, 0, 0, 33.33%, 0, 0, 1, 19.81, 4835, 3, 0, 0
264, 102, 1, 2, 0, 0, 33.33%, 0, 0, 1, 19.84, 4936, 3, 0, 0
269, 104, 1, 2, 0, 0, 33.33%, 0, 0, 1, 19.87, 5038, 3, 0, 0
274, 106, 1, 2, 0, 0, 33.33%, 0, 0, 1, 19.87, 5141, 3, 0, 0
279, 108, 1, 2, 0, 0, 33.33%, 0, 0, 1, 1.38, 5209, 3, 0, 0
285, 110, 1, 2, 0, 0, 33.33%, 0, 0, 1, 19.67, 5310, 3, 0, 0
290, 112, 1, 2, 0, 0, 33.33%, 0, 0, 1, 19.70, 5411, 3, 0, 0
295, 114, 1, 2, 0, 0, 33.33%, 0, 0, 1, 19.82, 5513, 3, 0, 0
300, 116, 1, 2, 0, 0, 33.33%, 0, 0, 1, 19.78, 5615, 3, 0, 0
305, 118, 1, 2, 0, 0, 33.33%, 0, 0, 1, 19.85, 5716, 3, 0, 0
311, 120, 1, 2, 0, 0, 33.33%, 0, 0, 1, 2.41, 5802, 3, 0, 0
316, 122, 1, 2, 0, 0, 33.33%, 0, 0, 1, 19.49, 5902, 3, 0, 0
321, 124, 1, 2, 0, 0, 33.33%, 0, 0, 1, 19.60, 6003, 3, 0, 0
324, 125, 1, 2, 0, 0, 33.33%, 0, 0, 1, 19.25, 6046, 3, 0, 0
